State Symbol Prob
(0,0) -1 0.04319662217713418
(0,0) 0 0.29678269800172014
(0,0) 1 0.6600206798211458
(0,1) -1 0.36060167117188857
(0,1) 0 0.4174162873312784
(0,1) 1 0.2219820414968331
(0,2) -1 0.29863658832607815
(0,2) 0 0.33493367729146245
(0,2) 1 0.3664297343824594
(0,3) -1 0.3674991579919902
(0,3) 0 0.16935328234343178
(0,3) 1 0.4631475596645781
(1,0) -1 0.35063884355031705
(1,0) 0 0.24647770684586548
(1,0) 1 0.40288344960381745
(1,1) -1 0.31277174001302405
(1,1) 0 0.5425664869338963
(1,1) 1 0.14466177305307965
(1,2) -1 0.4729701019592463
(1,2) 0 0.4219927268066989
(1,2) 1 0.1050371712340548
(1,3) -1 0.1474198574841233
(1,3) 0 0.7383355006191521
(1,3) 1 0.1142446418967246
(2,0) -1 0.5410916239273887
(2,0) 0 0.3758471408640373
(2,0) 1 0.08306123520857393
(2,1) -1 0.3675837824993575
(2,1) 0 0.10923379643213328
(2,1) 1 0.5231824210685092
(2,2) -1 0.23977062667795987
(2,2) 0 0.40853376044689454
(2,2) 1 0.3516956128751455
(2,3) -1 0.2701983338470963
(2,3) 0 0.2269008652694128
(2,3) 1 0.5029008008834908
(3,0) -1 0.518554719253509
(3,0) 0 0.21040188808208862
(3,0) 1 0.2710433926644023
(3,1) -1 0.6151811165759385
(3,1) 0 0.2664897620679965
(3,1) 1 0.11832912135606494
(3,2) -1 0.3732942106312653
(3,2) 0 0.39309854487317203
(3,2) 1 0.23360724449556272
(3,3) -1 0.14069436962028908
(3,3) 0 0.396838264048744
(3,3) 1 0.4624673663309669