From To Prob
(None,None) (0,0) 0.09347443101882698
(None,None) (0,1) 0.0665894292558362
(None,None) (0,2) 0.014910025858403375
(None,None) (0,3) 0.09873421722008476
(None,None) (1,0) 0.03176875191086768
(None,None) (1,1) 0.07637948021034931
(None,None) (1,2) 0.06691046727532866
(None,None) (1,3) 0.037894575825011816
(None,None) (2,0) 0.031292052876107194
(None,None) (2,1) 0.08438694409359294
(None,None) (2,2) 0.04056565833039477
(None,None) (2,3) 0.09471389567548658
(None,None) (3,0) 0.09305144085525874
(None,None) (3,1) 0.074920551126784
(None,None) (3,2) 0.07317707474675002
(None,None) (3,3) 0.021231003720916703
(0,0) (0,0) 0.09552362229976234
(0,0) (0,1) 0.10481062489565075
(0,0) (0,2) 0.06329087399750279
(0,0) (0,3) 0.062063169984201874
(0,0) (1,0) 0.033742666387092765
(0,0) (1,1) 0.014597399114488843
(0,0) (1,2) 0.05562608231618663
(0,0) (1,3) 0.10019398917168779
(0,0) (2,0) 0.07649869337140955
(0,0) (2,1) 0.027448336931797337
(0,0) (2,2) 0.0668446795251315
(0,0) (2,3) 0.014582183108812017
(0,0) (3,0) 0.056445776245121364
(0,0) (3,1) 0.08512253281099388
(0,0) (3,2) 0.0765490447960937
(0,0) (3,3) 0.06666032504406678
(0,1) (0,0) 0.09960156589312627
(0,1) (0,1) 0.11081566032122778
(0,1) (0,2) 0.06865131795541184
(0,1) (0,3) 0.11557139810200526
(0,1) (1,0) 0.09889185078174353
(0,1) (1,1) 0.0305755772560734
(0,1) (1,2) 0.010848192694072837
(0,1) (1,3) 0.10848065311025053
(0,1) (2,0) 0.015722394855957417
(0,1) (2,1) 0.019346574931943642
(0,1) (2,2) 0.0705854758136209
(0,1) (2,3) 0.09722711188920452
(0,1) (3,0) 0.03989493304514618
(0,1) (3,1) 0.05765809630647879
(0,1) (3,2) 0.034560851991948076
(0,1) (3,3) 0.02156834505178903
(0,2) (0,0) 0.03395364767157641
(0,2) (0,1) 0.03244026958943105
(0,2) (0,2) 0.11057153479812656
(0,2) (0,3) 0.04080670139152485
(0,2) (1,0) 0.10465834389903592
(0,2) (1,1) 0.043035112351560545
(0,2) (1,2) 0.06929074602192638
(0,2) (1,3) 0.07664077847508448
(0,2) (2,0) 0.10523565880039674
(0,2) (2,1) 0.016037342051681037
(0,2) (2,2) 0.039597868914292775
(0,2) (2,3) 0.06789588533269549
(0,2) (3,0) 0.08345081890775256
(0,2) (3,1) 0.07601954995740104
(0,2) (3,2) 0.006702713085892638
(0,2) (3,3) 0.09366302875162137
(0,3) (0,0) 0.11441609731136913
(0,3) (0,1) 0.1266342816986446
(0,3) (0,2) 0.0454202124682155
(0,3) (0,3) 0.051743255549207584
(0,3) (1,0) 0.0013032597208567024
(0,3) (1,1) 0.05578399947008972
(0,3) (1,2) 0.04058208032974598
(0,3) (1,3) 0.0076106700875465715
(0,3) (2,0) 0.11796040476159339
(0,3) (2,1) 0.09427745636682908
(0,3) (2,2) 0.049733673950823426
(0,3) (2,3) 0.051242485405319525
(0,3) (3,0) 0.058742706660859935
(0,3) (3,1) 0.031327190963415553
(0,3) (3,2) 0.11418930177201908
(0,3) (3,3) 0.039032923483464155
(1,0) (0,0) 0.03531136204516706
(1,0) (0,1) 0.06107831821866454
(1,0) (0,2) 0.0731996908121931
(1,0) (0,3) 0.06144963767715345
(1,0) (1,0) 0.0032328690416945005
(1,0) (1,1) 0.063089076458545
(1,0) (1,2) 0.07364457040846999
(1,0) (1,3) 0.09316195790888172
(1,0) (2,0) 0.08879929066428155
(1,0) (2,1) 0.0388017799142363
(1,0) (2,2) 0.011393837280337183
(1,0) (2,3) 0.08433242763241983
(1,0) (3,0) 0.07310326046272955
(1,0) (3,1) 0.05023817570833777
(1,0) (3,2) 0.09109562339704314
(1,0) (3,3) 0.09806812236984519
(1,1) (0,0) 0.06412739229530967
(1,1) (0,1) 0.07586142493238118
(1,1) (0,2) 0.012303620702408475
(1,1) (0,3) 0.10333678019781307
(1,1) (1,0) 0.1306522286899904
(1,1) (1,1) 0.07464774987876847
(1,1) (1,2) 0.06984601790456861
(1,1) (1,3) 0.07287768759699598
(1,1) (2,0) 0.002316117257840932
(1,1) (2,1) 0.028850608271344284
(1,1) (2,2) 0.08859995403853739
(1,1) (2,3) 0.09572934321665753
(1,1) (3,0) 0.024980651558003494
(1,1) (3,1) 0.12138758259321039
(1,1) (3,2) 0.0017538611077260423
(1,1) (3,3) 0.03272897975844392
(1,2) (0,0) 0.07064007333290444
(1,2) (0,1) 0.022135345194287847
(1,2) (0,2) 0.14235741517870368
(1,2) (0,3) 0.09451354754574667
(1,2) (1,0) 0.10410475221448376
(1,2) (1,1) 0.09877082454314463
(1,2) (1,2) 0.027325412956061952
(1,2) (1,3) 0.040006582954012056
(1,2) (2,0) 0.02215675964668932
(1,2) (2,1) 0.05868494733062579
(1,2) (2,2) 0.12278872752446429
(1,2) (2,3) 0.0016813860686782185
(1,2) (3,0) 0.060917939158033445
(1,2) (3,1) 0.03998383176149587
(1,2) (3,2) 0.029233330860197443
(1,2) (3,3) 0.06469912373047054
(1,3) (0,0) 0.02046077580487105
(1,3) (0,1) 0.0712630431663263
(1,3) (0,2) 0.05238437609124506
(1,3) (0,3) 0.01732655427426364
(1,3) (1,0) 0.11070055841195418
(1,3) (1,1) 0.013985390372804607
(1,3) (1,2) 0.0632343837830982
(1,3) (1,3) 0.017262016566604515
(1,3) (2,0) 0.02052276627975333
(1,3) (2,1) 0.06110262613538144
(1,3) (2,2) 0.06979456397696548
(1,3) (2,3) 0.1114581222182976
(1,3) (3,0) 0.028635201507410016
(1,3) (3,1) 0.1281007511865858
(1,3) (3,2) 0.12011652993089017
(1,3) (3,3) 0.09365234029354859
(2,0) (0,0) 0.05970493235609886
(2,0) (0,1) 0.03383054036578167
(2,0) (0,2) 0.04568396418007961
(2,0) (0,3) 0.09990510979372265
(2,0) (1,0) 0.07291428558945473
(2,0) (1,1) 0.04927414913056599
(2,0) (1,2) 0.09946928634069477
(2,0) (1,3) 0.0916719431648482
(2,0) (2,0) 0.10329253802667042
(2,0) (2,1) 0.048727180861454625
(2,0) (2,2) 0.028953578178301864
(2,0) (2,3) 0.021281796577411513
(2,0) (3,0) 0.05672305398364874
(2,0) (3,1) 0.04257351861124642
(2,0) (3,2) 0.08923720871564071
(2,0) (3,3) 0.056756914124379214
(2,1) (0,0) 0.061334849865326196
(2,1) (0,1) 0.13505521838709159
(2,1) (0,2) 0.028151925079670393
(2,1) (0,3) 0.07383375738202072
(2,1) (1,0) 0.008583874022311278
(2,1) (1,1) 0.02109365144784466
(2,1) (1,2) 0.007809549384243974
(2,1) (1,3) 0.0818163812190196
(2,1) (2,0) 0.14120589643297518
(2,1) (2,1) 0.031948154044049173
(2,1) (2,2) 0.06670699473423373
(2,1) (2,3) 0.09622264842357864
(2,1) (3,0) 0.059887880919108835
(2,1) (3,1) 0.07906415816752117
(2,1) (3,2) 0.09565571340058654
(2,1) (3,3) 0.011629347090418185
(2,2) (0,0) 0.08053922321139
(2,2) (0,1) 0.05516647519646506
(2,2) (0,2) 0.09330325878620059
(2,2) (0,3) 0.11466624718759787
(2,2) (1,0) 0.001046501006775195
(2,2) (1,1) 0.019566327070252142
(2,2) (1,2) 0.07373841451948783
(2,2) (1,3) 0.11242123950531055
(2,2) (2,0) 0.023800952591934075
(2,2) (2,1) 0.11177707507425634
(2,2) (2,2) 0.002357819586268754
(2,2) (2,3) 0.04466662762338368
(2,2) (3,0) 0.05753539560229088
(2,2) (3,1) 0.08258449810724236
(2,2) (3,2) 0.03978858797949282
(2,2) (3,3) 0.08704135695165206
(2,3) (0,0) 0.049012000749245166
(2,3) (0,1) 0.012817160829204397
(2,3) (0,2) 0.036238910934643945
(2,3) (0,3) 0.04301274583692019
(2,3) (1,0) 0.0734063010581837
(2,3) (1,1) 0.07635791463796328
(2,3) (1,2) 0.07216260708705902
(2,3) (1,3) 0.08377867895976096
(2,3) (2,0) 0.037530833451104854
(2,3) (2,1) 0.07224956335638857
(2,3) (2,2) 0.08835698520426719
(2,3) (2,3) 0.05518307039479919
(2,3) (3,0) 0.09941507826204869
(2,3) (3,1) 0.097772846652705
(2,3) (3,2) 0.0389689475972863
(2,3) (3,3) 0.06373635498841966
(3,0) (0,0) 0.0729813125329474
(3,0) (0,1) 0.12175944811368047
(3,0) (0,2) 0.004889194159173302
(3,0) (0,3) 0.010835946780809203
(3,0) (1,0) 0.10652058982907732
(3,0) (1,1) 0.06138249631122056
(3,0) (1,2) 0.04339637504909211
(3,0) (1,3) 0.08691278381165239
(3,0) (2,0) 0.08929529440793196
(3,0) (2,1) 0.10499694963033479
(3,0) (2,2) 0.07509999195854797
(3,0) (2,3) 0.020788186179903134
(3,0) (3,0) 0.05874076185083681
(3,0) (3,1) 0.0006523603847254899
(3,0) (3,2) 0.0843375695596054
(3,0) (3,3) 0.057410739440461545
(3,1) (0,0) 0.0055215452816392094
(3,1) (0,1) 0.12612812933764075
(3,1) (0,2) 0.024882333046595716
(3,1) (0,3) 0.03978551556525023
(3,1) (1,0) 0.036925883312573106
(3,1) (1,1) 0.08963185683420322
(3,1) (1,2) 0.003893796027158224
(3,1) (1,3) 0.038648306662267144
(3,1) (2,0) 0.13445475822610878
(3,1) (2,1) 0.12642797567386152
(3,1) (2,2) 0.01440172062643572
(3,1) (2,3) 0.004928464760474616
(3,1) (3,0) 0.07763946290608544
(3,1) (3,1) 0.07387721031280543
(3,1) (3,2) 0.11634574283908132
(3,1) (3,3) 0.08650729858781962
(3,2) (0,0) 0.08074726650366172
(3,2) (0,1) 0.012123272761479446
(3,2) (0,2) 0.04810523611931026
(3,2) (0,3) 0.08837708937939837
(3,2) (1,0) 0.008521824084887372
(3,2) (1,1) 0.004137593087081956
(3,2) (1,2) 0.05689521274607531
(3,2) (1,3) 0.03432040304429174
(3,2) (2,0) 0.016679390205508876
(3,2) (2,1) 0.038800906408226574
(3,2) (2,2) 0.10157380658102619
(3,2) (2,3) 0.06539443945979653
(3,2) (3,0) 0.14824843419994935
(3,2) (3,1) 0.03484055238673553
(3,2) (3,2) 0.10768158683581824
(3,2) (3,3) 0.15355298619675256
(3,3) (0,0) 0.07281918974907448
(3,3) (0,1) 0.05059381765906369
(3,3) (0,2) 0.07317009542853484
(3,3) (0,3) 0.10044786084786157
(3,3) (1,0) 0.10688601205265277
(3,3) (1,1) 0.07165437024045458
(3,3) (1,2) 0.05233147251987828
(3,3) (1,3) 0.10149638427530927
(3,3) (2,0) 0.06683679816560642
(3,3) (2,1) 0.06465512558123998
(3,3) (2,2) 0.11881810498395211
(3,3) (2,3) 0.026759750801965552
(3,3) (3,0) 0.007913046301477796
(3,3) (3,1) 0.0312819877166603
(3,3) (3,2) 0.018997309179789718
(3,3) (3,3) 0.03533867449647859